NDF v9.6a 30Oct13 rev 17Jan14 run 01/07/2021 17:14:32 Filename: ndff3201.dat Chris Jeynes (HVEE 2MV Tandetron, Stephens Lab), University of Surrey Ion Beam Centre
batch ndf.spc                                                                       
str ag10au.str                                                                    
file 790069RAu.txt                                                                 
geo rbs.geo                                                                       
 channel data fit
    1 0.53000E+02 0.89514E+03
    2 0.27000E+02 0.85834E+03
    3 0.22000E+02 0.92653E+03
    4 0.10000E+02 0.94203E+03
    5 0.25000E+02 0.90483E+03
    6 0.20000E+02 0.92003E+03
    7 0.20000E+02 0.93589E+03
    8 0.12000E+02 0.95239E+03
    9 0.31000E+02 0.96870E+03
   10 0.17000E+02 0.98482E+03
   11 0.80000E+01 0.10006E+04
   12 0.80000E+01 0.10161E+04
   13 0.15000E+02 0.10313E+04
   14 0.11000E+02 0.10464E+04
   15 0.17000E+02 0.10610E+04
   16 0.14410E+04 0.10751E+04
   17 0.28770E+04 0.10890E+04
   18 0.27560E+04 0.11027E+04
   19 0.28740E+04 0.11160E+04
   20 0.28460E+04 0.11290E+04
   21 0.25840E+04 0.11417E+04
   22 0.26030E+04 0.11541E+04
   23 0.26960E+04 0.11662E+04
   24 0.26370E+04 0.11778E+04
   25 0.25100E+04 0.11891E+04
   26 0.25200E+04 0.12002E+04
   27 0.25650E+04 0.12107E+04
   28 0.26380E+04 0.12208E+04
   29 0.25550E+04 0.12305E+04
   30 0.24870E+04 0.12400E+04
   31 0.26240E+04 0.12495E+04
   32 0.26110E+04 0.12591E+04
   33 0.25580E+04 0.12684E+04
   34 0.24870E+04 0.12774E+04
   35 0.25260E+04 0.12860E+04
   36 0.25590E+04 0.12941E+04
   37 0.25550E+04 0.13020E+04
   38 0.25650E+04 0.13096E+04
   39 0.26030E+04 0.13170E+04
   40 0.25640E+04 0.13242E+04
   41 0.25970E+04 0.13312E+04
   42 0.25780E+04 0.13380E+04
   43 0.26150E+04 0.13446E+04
   44 0.25800E+04 0.13511E+04
   45 0.25450E+04 0.13573E+04
   46 0.25740E+04 0.13634E+04
   47 0.26270E+04 0.13690E+04
   48 0.26400E+04 0.13741E+04
   49 0.25510E+04 0.13790E+04
   50 0.26350E+04 0.13838E+04
   51 0.26700E+04 0.13885E+04
   52 0.27970E+04 0.13930E+04
   53 0.27640E+04 0.13975E+04
   54 0.26630E+04 0.14017E+04
   55 0.26210E+04 0.14061E+04
   56 0.27940E+04 0.14106E+04
   57 0.26520E+04 0.14150E+04
   58 0.27510E+04 0.14193E+04
   59 0.27030E+04 0.14233E+04
   60 0.27560E+04 0.14272E+04
   61 0.27570E+04 0.14310E+04
   62 0.26580E+04 0.14347E+04
   63 0.27080E+04 0.14383E+04
   64 0.28790E+04 0.14418E+04
   65 0.27380E+04 0.14452E+04
   66 0.27990E+04 0.14486E+04
   67 0.27400E+04 0.14520E+04
   68 0.29300E+04 0.14556E+04
   69 0.28440E+04 0.14590E+04
   70 0.27940E+04 0.14625E+04
   71 0.27190E+04 0.14656E+04
   72 0.28340E+04 0.14684E+04
   73 0.29220E+04 0.14712E+04
   74 0.27980E+04 0.14740E+04
   75 0.27950E+04 0.14771E+04
   76 0.29340E+04 0.14805E+04
   77 0.28720E+04 0.14839E+04
   78 0.28350E+04 0.14874E+04
   79 0.27370E+04 0.14906E+04
   80 0.28220E+04 0.14938E+04
   81 0.28330E+04 0.14970E+04
   82 0.27620E+04 0.15002E+04
   83 0.28640E+04 0.15032E+04
   84 0.28420E+04 0.15061E+04
   85 0.29620E+04 0.15090E+04
   86 0.29460E+04 0.15119E+04
   87 0.27890E+04 0.15151E+04
   88 0.28790E+04 0.15186E+04
   89 0.28310E+04 0.15220E+04
   90 0.28610E+04 0.15255E+04
   91 0.28990E+04 0.15288E+04
   92 0.29090E+04 0.15318E+04
   93 0.29340E+04 0.15349E+04
   94 0.29270E+04 0.15380E+04
   95 0.28230E+04 0.15411E+04
   96 0.30310E+04 0.15443E+04
   97 0.29660E+04 0.15475E+04
   98 0.29020E+04 0.15507E+04
   99 0.28880E+04 0.15539E+04
  100 0.29960E+04 0.15573E+04
  101 0.30260E+04 0.15606E+04
  102 0.29420E+04 0.15640E+04
  103 0.28600E+04 0.15676E+04
  104 0.30450E+04 0.15713E+04
  105 0.29830E+04 0.15750E+04
  106 0.28110E+04 0.15788E+04
  107 0.28860E+04 0.15824E+04
  108 0.30760E+04 0.15859E+04
  109 0.28780E+04 0.15895E+04
  110 0.29970E+04 0.15930E+04
  111 0.28420E+04 0.15965E+04
  112 0.30780E+04 0.16001E+04
  113 0.29460E+04 0.16036E+04
  114 0.29090E+04 0.16072E+04
  115 0.29030E+04 0.16106E+04
  116 0.30850E+04 0.16141E+04
  117 0.29870E+04 0.16175E+04
  118 0.28380E+04 0.16209E+04
  119 0.30530E+04 0.16244E+04
  120 0.30800E+04 0.16280E+04
  121 0.29600E+04 0.16316E+04
  122 0.28960E+04 0.16352E+04
  123 0.29350E+04 0.16386E+04
  124 0.30200E+04 0.16419E+04
  125 0.30230E+04 0.16451E+04
  126 0.29900E+04 0.16484E+04
  127 0.29740E+04 0.16517E+04
  128 0.30040E+04 0.16552E+04
  129 0.30110E+04 0.16586E+04
  130 0.30270E+04 0.16621E+04
  131 0.29010E+04 0.16656E+04
  132 0.30870E+04 0.16693E+04
  133 0.29990E+04 0.16730E+04
  134 0.28510E+04 0.16766E+04
  135 0.29180E+04 0.16803E+04
  136 0.30730E+04 0.16839E+04
  137 0.28670E+04 0.16875E+04
  138 0.29090E+04 0.16911E+04
  139 0.28700E+04 0.16941E+04
  140 0.29600E+04 0.16966E+04
  141 0.30430E+04 0.16990E+04
  142 0.29890E+04 0.17014E+04
  143 0.29460E+04 0.17041E+04
  144 0.31220E+04 0.17073E+04
  145 0.30330E+04 0.17104E+04
  146 0.29590E+04 0.17136E+04
  147 0.29260E+04 0.17169E+04
  148 0.31140E+04 0.17205E+04
  149 0.29790E+04 0.17241E+04
  150 0.29510E+04 0.17277E+04
  151 0.28560E+04 0.17308E+04
  152 0.28430E+04 0.17335E+04
  153 0.29100E+04 0.17361E+04
  154 0.29470E+04 0.17387E+04
  155 0.29090E+04 0.17415E+04
  156 0.30090E+04 0.17443E+04
  157 0.29540E+04 0.17471E+04
  158 0.27880E+04 0.17499E+04
  159 0.29470E+04 0.17527E+04
  160 0.30690E+04 0.17554E+04
  161 0.28760E+04 0.17582E+04
  162 0.29380E+04 0.17609E+04
  163 0.28960E+04 0.17636E+04
  164 0.30230E+04 0.17662E+04
  165 0.28040E+04 0.17689E+04
  166 0.29740E+04 0.17715E+04
  167 0.28700E+04 0.17740E+04
  168 0.29600E+04 0.17765E+04
  169 0.29350E+04 0.17790E+04
  170 0.29110E+04 0.17815E+04
  171 0.28090E+04 0.17839E+04
  172 0.29300E+04 0.17864E+04
  173 0.29360E+04 0.17888E+04
  174 0.28480E+04 0.17912E+04
  175 0.28840E+04 0.17935E+04
  176 0.28930E+04 0.17956E+04
  177 0.28940E+04 0.17977E+04
  178 0.28930E+04 0.17998E+04
  179 0.28840E+04 0.18020E+04
  180 0.30180E+04 0.18043E+04
  181 0.29470E+04 0.18066E+04
  182 0.29030E+04 0.18088E+04
  183 0.28620E+04 0.18111E+04
  184 0.29560E+04 0.18135E+04
  185 0.28950E+04 0.18158E+04
  186 0.28240E+04 0.18182E+04
  187 0.28780E+04 0.18202E+04
  188 0.29360E+04 0.18220E+04
  189 0.29550E+04 0.18237E+04
  190 0.29020E+04 0.18254E+04
  191 0.28690E+04 0.18274E+04
  192 0.29440E+04 0.18297E+04
  193 0.27770E+04 0.18320E+04
  194 0.28850E+04 0.18343E+04
  195 0.27920E+04 0.18365E+04
  196 0.30170E+04 0.18386E+04
  197 0.27480E+04 0.18407E+04
  198 0.28490E+04 0.18428E+04
  199 0.27540E+04 0.18449E+04
  200 0.29550E+04 0.18469E+04
  201 0.27560E+04 0.18489E+04
  202 0.27180E+04 0.18508E+04
  203 0.27770E+04 0.18527E+04
  204 0.29410E+04 0.18544E+04
  205 0.27380E+04 0.18561E+04
  206 0.28740E+04 0.18578E+04
  207 0.27470E+04 0.18595E+04
  208 0.28620E+04 0.18612E+04
  209 0.28090E+04 0.18629E+04
  210 0.27730E+04 0.18646E+04
  211 0.27220E+04 0.18664E+04
  212 0.29160E+04 0.18683E+04
  213 0.27200E+04 0.18702E+04
  214 0.27540E+04 0.18720E+04
  215 0.27620E+04 0.18736E+04
  216 0.27800E+04 0.18750E+04
  217 0.27990E+04 0.18764E+04
  218 0.28120E+04 0.18777E+04
  219 0.27770E+04 0.18795E+04
  220 0.27670E+04 0.18815E+04
  221 0.26750E+04 0.18836E+04
  222 0.26820E+04 0.18857E+04
  223 0.26750E+04 0.18874E+04
  224 0.27830E+04 0.18887E+04
  225 0.26900E+04 0.18901E+04
  226 0.26720E+04 0.18914E+04
  227 0.27060E+04 0.18927E+04
  228 0.28440E+04 0.18941E+04
  229 0.27540E+04 0.18955E+04
  230 0.27000E+04 0.18969E+04
  231 0.26440E+04 0.18983E+04
  232 0.28940E+04 0.18999E+04
  233 0.27130E+04 0.19015E+04
  234 0.26610E+04 0.19031E+04
  235 0.27300E+04 0.19047E+04
  236 0.27690E+04 0.19063E+04
  237 0.26850E+04 0.19078E+04
  238 0.25860E+04 0.19094E+04
  239 0.26380E+04 0.19110E+04
  240 0.28260E+04 0.19125E+04
  241 0.26290E+04 0.19140E+04
  242 0.26100E+04 0.19155E+04
  243 0.27060E+04 0.19167E+04
  244 0.26860E+04 0.19178E+04
  245 0.27300E+04 0.19188E+04
  246 0.27990E+04 0.19198E+04
  247 0.25920E+04 0.19212E+04
  248 0.27390E+04 0.19229E+04
  249 0.26270E+04 0.19247E+04
  250 0.26760E+04 0.19265E+04
  251 0.25300E+04 0.19280E+04
  252 0.27410E+04 0.19293E+04
  253 0.26010E+04 0.19305E+04
  254 0.25590E+04 0.19318E+04
  255 0.27080E+04 0.19330E+04
  256 0.27240E+04 0.19343E+04
  257 0.26430E+04 0.19355E+04
  258 0.26010E+04 0.19368E+04
  259 0.26320E+04 0.19380E+04
  260 0.26810E+04 0.19392E+04
  261 0.27750E+04 0.19404E+04
  262 0.25920E+04 0.19415E+04
  263 0.25610E+04 0.19428E+04
  264 0.26770E+04 0.19441E+04
  265 0.26340E+04 0.19454E+04
  266 0.27430E+04 0.19468E+04
  267 0.25940E+04 0.19481E+04
  268 0.25730E+04 0.19496E+04
  269 0.25910E+04 0.19510E+04
  270 0.26240E+04 0.19525E+04
  271 0.25320E+04 0.19539E+04
  272 0.26270E+04 0.19552E+04
  273 0.25420E+04 0.19565E+04
  274 0.26080E+04 0.19578E+04
  275 0.25500E+04 0.19591E+04
  276 0.25590E+04 0.19605E+04
  277 0.25250E+04 0.19618E+04
  278 0.25380E+04 0.19632E+04
  279 0.24680E+04 0.19643E+04
  280 0.25700E+04 0.19653E+04
  281 0.24970E+04 0.19662E+04
  282 0.24930E+04 0.19671E+04
  283 0.25370E+04 0.19682E+04
  284 0.26510E+04 0.19696E+04
  285 0.25810E+04 0.19710E+04
  286 0.24140E+04 0.19723E+04
  287 0.25110E+04 0.19734E+04
  288 0.24880E+04 0.19743E+04
  289 0.25240E+04 0.19752E+04
  290 0.26020E+04 0.19761E+04
  291 0.24380E+04 0.19772E+04
  292 0.25360E+04 0.19784E+04
  293 0.24880E+04 0.19797E+04
  294 0.24560E+04 0.19809E+04
  295 0.24430E+04 0.19822E+04
  296 0.25770E+04 0.19833E+04
  297 0.24960E+04 0.19845E+04
  298 0.23760E+04 0.19857E+04
  299 0.24110E+04 0.19868E+04
  300 0.25700E+04 0.19879E+04
  301 0.24570E+04 0.19890E+04
  302 0.24280E+04 0.19900E+04
  303 0.24470E+04 0.19910E+04
  304 0.24470E+04 0.19918E+04
  305 0.24510E+04 0.19926E+04
  306 0.23910E+04 0.19934E+04
  307 0.24570E+04 0.19946E+04
  308 0.25700E+04 0.19960E+04
  309 0.24100E+04 0.19975E+04
  310 0.24000E+04 0.19989E+04
  311 0.22950E+04 0.19999E+04
  312 0.24530E+04 0.20005E+04
  313 0.25120E+04 0.20011E+04
  314 0.24100E+04 0.20016E+04
  315 0.23380E+04 0.20025E+04
  316 0.25220E+04 0.20038E+04
  317 0.24250E+04 0.20050E+04
  318 0.23560E+04 0.20063E+04
  319 0.23600E+04 0.20074E+04
  320 0.24490E+04 0.20084E+04
  321 0.23610E+04 0.20095E+04
  322 0.24270E+04 0.20105E+04
  323 0.23610E+04 0.20117E+04
  324 0.23570E+04 0.20131E+04
  325 0.23130E+04 0.20145E+04
  326 0.22380E+04 0.20159E+04
  327 0.23240E+04 0.20169E+04
  328 0.22490E+04 0.20176E+04
  329 0.23170E+04 0.20182E+04
  330 0.22910E+04 0.20188E+04
  331 0.22660E+04 0.20197E+04
  332 0.23570E+04 0.20207E+04
  333 0.22760E+04 0.20218E+04
  334 0.22910E+04 0.20229E+04
  335 0.21760E+04 0.20239E+04
  336 0.23170E+04 0.20248E+04
  337 0.22560E+04 0.20257E+04
  338 0.22930E+04 0.20266E+04
  339 0.22630E+04 0.20275E+04
  340 0.21540E+04 0.20283E+04
  341 0.22290E+04 0.20311E+04
  342 0.21950E+04 0.20319E+04
  343 0.20360E+04 0.20335E+04
  344 0.21260E+04 0.20357E+04
  345 0.20210E+04 0.20380E+04
  346 0.19830E+04 0.20402E+04
  347 0.18280E+04 0.20441E+04
  348 0.16730E+04 0.20497E+04
  349 0.14890E+04 0.20553E+04
  350 0.12280E+04 0.20608E+04
  351 0.82000E+03 0.20662E+04
  352 0.45400E+03 0.20714E+04
  353 0.14000E+03 0.20766E+04
  354 0.66000E+02 0.20817E+04
  355 0.43000E+02 0.20841E+04
  356 0.74000E+02 0.20836E+04
  357 0.52000E+02 0.20831E+04
  358 0.53000E+02 0.20826E+04
  359 0.40000E+02 0.20823E+04
  360 0.78000E+02 0.20821E+04
  361 0.73000E+02 0.20819E+04
  362 0.57000E+02 0.20817E+04
  363 0.43000E+02 0.20817E+04
  364 0.70000E+02 0.20818E+04
  365 0.52000E+02 0.20819E+04
  366 0.43000E+02 0.20820E+04
  367 0.44000E+02 0.20822E+04
  368 0.66000E+02 0.20824E+04
  369 0.43000E+02 0.20826E+04
  370 0.46000E+02 0.20828E+04
  371 0.36000E+02 0.20830E+04
  372 0.49000E+02 0.20831E+04
  373 0.51000E+02 0.20833E+04
  374 0.44000E+02 0.20835E+04
  375 0.55000E+02 0.20837E+04
  376 0.58000E+02 0.20840E+04
  377 0.52000E+02 0.20843E+04
  378 0.45000E+02 0.20846E+04
  379 0.50000E+02 0.20849E+04
  380 0.54000E+02 0.20852E+04
  381 0.42000E+02 0.20855E+04
  382 0.56000E+02 0.20858E+04
  383 0.43000E+02 0.20861E+04
  384 0.68000E+02 0.20865E+04
  385 0.52000E+02 0.20869E+04
  386 0.35000E+02 0.20873E+04
  387 0.41000E+02 0.20877E+04
  388 0.47000E+02 0.20880E+04
  389 0.38000E+02 0.20884E+04
  390 0.45000E+02 0.20888E+04
  391 0.36000E+02 0.20891E+04
  392 0.56000E+02 0.20895E+04
  393 0.39000E+02 0.20898E+04
  394 0.37000E+02 0.20902E+04
  395 0.34000E+02 0.20906E+04
  396 0.66000E+02 0.20909E+04
  397 0.34000E+02 0.20913E+04
  398 0.50000E+02 0.20916E+04
  399 0.52000E+02 0.20920E+04
  400 0.54000E+02 0.20924E+04
  401 0.45000E+02 0.20928E+04
  402 0.32000E+02 0.20932E+04
  403 0.44000E+02 0.20935E+04
  404 0.42000E+02 0.20939E+04
  405 0.44000E+02 0.20942E+04
  406 0.39000E+02 0.20945E+04
  407 0.42000E+02 0.20948E+04
  408 0.45000E+02 0.20951E+04
  409 0.32000E+02 0.20954E+04
  410 0.36000E+02 0.20957E+04
  411 0.40000E+02 0.20960E+04
  412 0.42000E+02 0.20962E+04
  413 0.38000E+02 0.20963E+04
  414 0.43000E+02 0.20965E+04
  415 0.43000E+02 0.20967E+04
  416 0.46000E+02 0.20969E+04
  417 0.41000E+02 0.20970E+04
  418 0.30000E+02 0.20972E+04
  419 0.39000E+02 0.20973E+04
  420 0.36000E+02 0.20973E+04
  421 0.28000E+02 0.20974E+04
  422 0.26000E+02 0.20974E+04
  423 0.35000E+02 0.20974E+04
  424 0.46000E+02 0.20973E+04
  425 0.29000E+02 0.20973E+04
  426 0.35000E+02 0.20972E+04
  427 0.30000E+02 0.20971E+04
  428 0.25000E+02 0.20969E+04
  429 0.26000E+02 0.20967E+04
  430 0.37000E+02 0.20964E+04
  431 0.29000E+02 0.20961E+04
  432 0.31000E+02 0.20958E+04
  433 0.33000E+02 0.20955E+04
  434 0.35000E+02 0.20951E+04
  435 0.40000E+02 0.20948E+04
  436 0.23000E+02 0.20944E+04
  437 0.22000E+02 0.20940E+04
  438 0.23000E+02 0.20936E+04
  439 0.27000E+02 0.20932E+04
  440 0.30000E+02 0.20927E+04
  441 0.23000E+02 0.20921E+04
  442 0.22000E+02 0.20916E+04
  443 0.33000E+02 0.20910E+04
  444 0.32000E+02 0.20904E+04
  445 0.26000E+02 0.20898E+04
  446 0.26000E+02 0.20892E+04
  447 0.26000E+02 0.20886E+04
  448 0.28000E+02 0.20879E+04
  449 0.25000E+02 0.20872E+04
  450 0.39000E+02 0.20865E+04
  451 0.26000E+02 0.20859E+04
  452 0.34000E+02 0.20852E+04
  453 0.30000E+02 0.20846E+04
  454 0.28000E+02 0.20840E+04
  455 0.24000E+02 0.20833E+04
  456 0.18000E+02 0.20826E+04
  457 0.26000E+02 0.20819E+04
  458 0.19000E+02 0.20813E+04
  459 0.25000E+02 0.20806E+04
  460 0.19000E+02 0.20799E+04
  461 0.17000E+02 0.20792E+04
  462 0.26000E+02 0.20785E+04
  463 0.26000E+02 0.20779E+04
  464 0.21000E+02 0.20772E+04
  465 0.15000E+02 0.20766E+04
  466 0.19000E+02 0.20760E+04
  467 0.17000E+02 0.20753E+04
  468 0.26000E+02 0.20747E+04
  469 0.24000E+02 0.20740E+04
  470 0.18000E+02 0.20734E+04
  471 0.18000E+02 0.20728E+04
  472 0.20000E+02 0.20723E+04
  473 0.18000E+02 0.20717E+04
  474 0.13000E+02 0.20711E+04
  475 0.13000E+02 0.20706E+04
  476 0.15000E+02 0.20699E+04
  477 0.23000E+02 0.20693E+04
  478 0.26000E+02 0.20687E+04
  479 0.24000E+02 0.20682E+04
  480 0.17000E+02 0.20677E+04
  481 0.20000E+02 0.20672E+04
  482 0.19000E+02 0.20667E+04
  483 0.16000E+02 0.20662E+04
  484 0.13000E+02 0.20657E+04
  485 0.22000E+02 0.20652E+04
  486 0.16000E+02 0.20647E+04
  487 0.25000E+02 0.20642E+04
  488 0.17000E+02 0.20637E+04
  489 0.19000E+02 0.20633E+04
  490 0.21000E+02 0.20628E+04
  491 0.22000E+02 0.20623E+04
  492 0.12000E+02 0.20619E+04
  493 0.14000E+02 0.20614E+04
  494 0.19000E+02 0.20610E+04
  495 0.20000E+02 0.20605E+04
  496 0.13000E+02 0.20601E+04
  497 0.16000E+02 0.20596E+04
  498 0.18000E+02 0.20592E+04
  499 0.16000E+02 0.20587E+04
  500 0.17000E+02 0.20582E+04
  501 0.24000E+02 0.20577E+04
  502 0.22000E+02 0.20573E+04
  503 0.20000E+02 0.20568E+04
  504 0.12000E+02 0.20564E+04
  505 0.15000E+02 0.20560E+04
  506 0.12000E+02 0.20555E+04
  507 0.12000E+02 0.20544E+04
  508 0.11000E+02 0.20526E+04
  509 0.15000E+02 0.20507E+04
  510 0.94900E+03 0.20488E+04
  511 0.00000E+00 0.20485E+04
  512 0.00000E+00 0.20497E+04
  513 0.00000E+00 0.20508E+04
  514 0.00000E+00 0.20520E+04
  515 0.00000E+00 0.20523E+04
  516 0.00000E+00 0.20517E+04
  517 0.00000E+00 0.20511E+04
  518 0.00000E+00 0.20505E+04
  519 0.00000E+00 0.20500E+04
  520 0.00000E+00 0.20494E+04
  521 0.00000E+00 0.20489E+04
  522 0.00000E+00 0.20483E+04
  523 0.00000E+00 0.20478E+04
  524 0.00000E+00 0.20473E+04
  525 0.00000E+00 0.20467E+04
  526 0.00000E+00 0.20462E+04
  527 0.00000E+00 0.20457E+04
  528 0.00000E+00 0.20451E+04
  529 0.00000E+00 0.20446E+04
  530 0.00000E+00 0.20441E+04
  531 0.00000E+00 0.20435E+04
  532 0.00000E+00 0.20430E+04
  533 0.00000E+00 0.20425E+04
  534 0.00000E+00 0.20419E+04
  535 0.00000E+00 0.20414E+04
  536 0.00000E+00 0.20409E+04
  537 0.00000E+00 0.20403E+04
  538 0.00000E+00 0.20398E+04
  539 0.00000E+00 0.20392E+04
  540 0.00000E+00 0.20387E+04
  541 0.00000E+00 0.20382E+04
  542 0.00000E+00 0.20376E+04
  543 0.00000E+00 0.20371E+04
  544 0.00000E+00 0.20365E+04
  545 0.00000E+00 0.20359E+04
  546 0.00000E+00 0.20354E+04
  547 0.00000E+00 0.20348E+04
  548 0.00000E+00 0.20343E+04
  549 0.00000E+00 0.20337E+04
  550 0.00000E+00 0.20331E+04
  551 0.00000E+00 0.20326E+04
  552 0.00000E+00 0.20320E+04
  553 0.00000E+00 0.20314E+04
  554 0.00000E+00 0.20308E+04
  555 0.00000E+00 0.20303E+04
  556 0.00000E+00 0.20297E+04
  557 0.00000E+00 0.20291E+04
  558 0.00000E+00 0.20285E+04
  559 0.00000E+00 0.20279E+04
  560 0.00000E+00 0.20273E+04
  561 0.00000E+00 0.20267E+04
  562 0.00000E+00 0.20261E+04
  563 0.00000E+00 0.20255E+04
  564 0.00000E+00 0.20249E+04
  565 0.00000E+00 0.20244E+04
  566 0.00000E+00 0.20238E+04
  567 0.00000E+00 0.20232E+04
  568 0.00000E+00 0.20226E+04
  569 0.00000E+00 0.20220E+04
  570 0.00000E+00 0.20213E+04
  571 0.00000E+00 0.20208E+04
  572 0.00000E+00 0.20202E+04
  573 0.00000E+00 0.20196E+04
  574 0.00000E+00 0.20190E+04
  575 0.00000E+00 0.20184E+04
  576 0.00000E+00 0.20178E+04
  577 0.00000E+00 0.20172E+04
  578 0.00000E+00 0.20166E+04
  579 0.00000E+00 0.20160E+04
  580 0.00000E+00 0.20154E+04
  581 0.00000E+00 0.20149E+04
  582 0.00000E+00 0.20143E+04
  583 0.00000E+00 0.20137E+04
  584 0.00000E+00 0.20132E+04
  585 0.00000E+00 0.20126E+04
  586 0.00000E+00 0.20121E+04
  587 0.00000E+00 0.20115E+04
  588 0.00000E+00 0.20110E+04
  589 0.00000E+00 0.20104E+04
  590 0.00000E+00 0.20099E+04
  591 0.00000E+00 0.20093E+04
  592 0.00000E+00 0.20088E+04
  593 0.00000E+00 0.20083E+04
  594 0.00000E+00 0.20077E+04
  595 0.00000E+00 0.20072E+04
  596 0.00000E+00 0.20066E+04
  597 0.00000E+00 0.20061E+04
  598 0.00000E+00 0.20056E+04
  599 0.00000E+00 0.20050E+04
  600 0.00000E+00 0.20045E+04
  601 0.00000E+00 0.20039E+04
  602 0.00000E+00 0.20034E+04
  603 0.00000E+00 0.20029E+04
  604 0.00000E+00 0.20023E+04
  605 0.00000E+00 0.20017E+04
  606 0.00000E+00 0.20012E+04
  607 0.00000E+00 0.20006E+04
  608 0.00000E+00 0.20000E+04
  609 0.00000E+00 0.19995E+04
  610 0.00000E+00 0.19989E+04
  611 0.00000E+00 0.19983E+04
  612 0.00000E+00 0.19977E+04
  613 0.00000E+00 0.19971E+04
  614 0.00000E+00 0.19965E+04
  615 0.00000E+00 0.19959E+04
  616 0.00000E+00 0.19953E+04
  617 0.00000E+00 0.19947E+04
  618 0.00000E+00 0.19941E+04
  619 0.00000E+00 0.19935E+04
  620 0.00000E+00 0.19929E+04
  621 0.00000E+00 0.19923E+04
  622 0.00000E+00 0.19916E+04
  623 0.00000E+00 0.19910E+04
  624 0.00000E+00 0.19904E+04
  625 0.00000E+00 0.19898E+04
  626 0.00000E+00 0.19891E+04
  627 0.00000E+00 0.19885E+04
  628 0.00000E+00 0.19879E+04
  629 0.00000E+00 0.19873E+04
  630 0.00000E+00 0.19867E+04
  631 0.00000E+00 0.19860E+04
  632 0.00000E+00 0.19854E+04
  633 0.00000E+00 0.19848E+04
  634 0.00000E+00 0.19842E+04
  635 0.00000E+00 0.19835E+04
  636 0.00000E+00 0.19829E+04
  637 0.00000E+00 0.19823E+04
  638 0.00000E+00 0.19817E+04
  639 0.00000E+00 0.19810E+04
  640 0.00000E+00 0.19804E+04
  641 0.00000E+00 0.19798E+04
  642 0.00000E+00 0.19792E+04
  643 0.00000E+00 0.19785E+04
  644 0.00000E+00 0.19779E+04
  645 0.00000E+00 0.19773E+04
  646 0.00000E+00 0.19766E+04
  647 0.00000E+00 0.19760E+04
  648 0.00000E+00 0.19754E+04
  649 0.00000E+00 0.19747E+04
  650 0.00000E+00 0.19741E+04
  651 0.00000E+00 0.19734E+04
  652 0.00000E+00 0.19728E+04
  653 0.00000E+00 0.19721E+04
  654 0.00000E+00 0.19714E+04
  655 0.00000E+00 0.19708E+04
  656 0.00000E+00 0.19701E+04
  657 0.00000E+00 0.19694E+04
  658 0.00000E+00 0.19688E+04
  659 0.00000E+00 0.19681E+04
  660 0.00000E+00 0.19674E+04
  661 0.00000E+00 0.19668E+04
  662 0.00000E+00 0.19661E+04
  663 0.00000E+00 0.19654E+04
  664 0.00000E+00 0.19647E+04
  665 0.00000E+00 0.19641E+04
  666 0.00000E+00 0.19634E+04
  667 0.00000E+00 0.19627E+04
  668 0.00000E+00 0.19621E+04
  669 0.00000E+00 0.19614E+04
  670 0.00000E+00 0.19608E+04
  671 0.00000E+00 0.19601E+04
  672 0.00000E+00 0.19595E+04
  673 0.00000E+00 0.19588E+04
  674 0.00000E+00 0.19582E+04
  675 0.00000E+00 0.19575E+04
  676 0.00000E+00 0.19569E+04
  677 0.00000E+00 0.19563E+04
  678 0.00000E+00 0.19556E+04
  679 0.00000E+00 0.19550E+04
  680 0.00000E+00 0.19544E+04
  681 0.00000E+00 0.19538E+04
  682 0.00000E+00 0.19531E+04
  683 0.00000E+00 0.19525E+04
  684 0.00000E+00 0.19519E+04
  685 0.00000E+00 0.19513E+04
  686 0.00000E+00 0.19507E+04
  687 0.00000E+00 0.19500E+04
  688 0.00000E+00 0.19494E+04
  689 0.00000E+00 0.19488E+04
  690 0.00000E+00 0.19482E+04
  691 0.00000E+00 0.19476E+04
  692 0.00000E+00 0.19469E+04
  693 0.00000E+00 0.19463E+04
  694 0.00000E+00 0.19457E+04
  695 0.00000E+00 0.19450E+04
  696 0.00000E+00 0.19444E+04
  697 0.00000E+00 0.19438E+04
  698 0.00000E+00 0.19431E+04
  699 0.00000E+00 0.19425E+04
  700 0.00000E+00 0.19418E+04
  701 0.00000E+00 0.19412E+04
  702 0.00000E+00 0.19405E+04
  703 0.00000E+00 0.19399E+04
  704 0.00000E+00 0.19392E+04
  705 0.00000E+00 0.19385E+04
  706 0.00000E+00 0.19379E+04
  707 0.00000E+00 0.19372E+04
  708 0.00000E+00 0.19365E+04
  709 0.00000E+00 0.19358E+04
  710 0.00000E+00 0.19351E+04
  711 0.00000E+00 0.19345E+04
  712 0.00000E+00 0.19338E+04
  713 0.00000E+00 0.19331E+04
  714 0.00000E+00 0.19324E+04
  715 0.00000E+00 0.19317E+04
  716 0.00000E+00 0.19310E+04
  717 0.00000E+00 0.19303E+04
  718 0.00000E+00 0.19296E+04
  719 0.00000E+00 0.19289E+04
  720 0.00000E+00 0.19282E+04
  721 0.00000E+00 0.19274E+04
  722 0.00000E+00 0.19267E+04
  723 0.00000E+00 0.19260E+04
  724 0.00000E+00 0.19253E+04
  725 0.00000E+00 0.19246E+04
  726 0.00000E+00 0.19239E+04
  727 0.00000E+00 0.19232E+04
  728 0.00000E+00 0.19225E+04
  729 0.00000E+00 0.19218E+04
  730 0.00000E+00 0.19212E+04
  731 0.00000E+00 0.19205E+04
  732 0.00000E+00 0.19198E+04
  733 0.00000E+00 0.19191E+04
  734 0.00000E+00 0.19184E+04
  735 0.00000E+00 0.19178E+04
  736 0.00000E+00 0.19171E+04
  737 0.00000E+00 0.19165E+04
  738 0.00000E+00 0.19158E+04
  739 0.00000E+00 0.19151E+04
  740 0.00000E+00 0.19145E+04
  741 0.00000E+00 0.19138E+04
  742 0.00000E+00 0.19132E+04
  743 0.00000E+00 0.19125E+04
  744 0.00000E+00 0.19119E+04
  745 0.00000E+00 0.19112E+04
  746 0.00000E+00 0.19105E+04
  747 0.00000E+00 0.19099E+04
  748 0.00000E+00 0.19092E+04
  749 0.00000E+00 0.19085E+04
  750 0.00000E+00 0.19078E+04
  751 0.00000E+00 0.19071E+04
  752 0.00000E+00 0.19064E+04
  753 0.00000E+00 0.19057E+04
  754 0.00000E+00 0.19050E+04
  755 0.00000E+00 0.19043E+04
  756 0.00000E+00 0.19036E+04
  757 0.00000E+00 0.19029E+04
  758 0.00000E+00 0.19022E+04
  759 0.00000E+00 0.19015E+04
  760 0.00000E+00 0.19008E+04
  761 0.00000E+00 0.19001E+04
  762 0.00000E+00 0.18994E+04
  763 0.00000E+00 0.18987E+04
  764 0.00000E+00 0.18980E+04
  765 0.00000E+00 0.18973E+04
  766 0.00000E+00 0.18966E+04
  767 0.00000E+00 0.18959E+04
  768 0.00000E+00 0.18952E+04
  769 0.00000E+00 0.18945E+04
  770 0.00000E+00 0.18938E+04
  771 0.00000E+00 0.18931E+04
  772 0.00000E+00 0.18924E+04
  773 0.00000E+00 0.18917E+04
  774 0.00000E+00 0.18910E+04
  775 0.00000E+00 0.18903E+04
  776 0.00000E+00 0.18896E+04
  777 0.00000E+00 0.18890E+04
  778 0.00000E+00 0.18883E+04
  779 0.00000E+00 0.18876E+04
  780 0.00000E+00 0.18869E+04
  781 0.00000E+00 0.18862E+04
  782 0.00000E+00 0.18855E+04
  783 0.00000E+00 0.18848E+04
  784 0.00000E+00 0.18841E+04
  785 0.00000E+00 0.18834E+04
  786 0.00000E+00 0.18827E+04
  787 0.00000E+00 0.18820E+04
  788 0.00000E+00 0.18812E+04
  789 0.00000E+00 0.18805E+04
  790 0.00000E+00 0.18798E+04
  791 0.00000E+00 0.18790E+04
  792 0.00000E+00 0.18783E+04
  793 0.00000E+00 0.18776E+04
  794 0.00000E+00 0.18769E+04
  795 0.00000E+00 0.18761E+04
  796 0.00000E+00 0.18754E+04
  797 0.00000E+00 0.18746E+04
  798 0.00000E+00 0.18739E+04
  799 0.00000E+00 0.18731E+04
  800 0.00000E+00 0.18724E+04
  801 0.00000E+00 0.18716E+04
  802 0.00000E+00 0.18708E+04
  803 0.00000E+00 0.18699E+04
  804 0.00000E+00 0.18691E+04
  805 0.00000E+00 0.18683E+04
  806 0.00000E+00 0.18675E+04
  807 0.00000E+00 0.18667E+04
  808 0.00000E+00 0.18659E+04
  809 0.00000E+00 0.18652E+04
  810 0.00000E+00 0.18645E+04
  811 0.00000E+00 0.18638E+04
  812 0.00000E+00 0.18632E+04
  813 0.00000E+00 0.18626E+04
  814 0.00000E+00 0.18620E+04
  815 0.00000E+00 0.18613E+04
  816 0.00000E+00 0.18607E+04
  817 0.00000E+00 0.18599E+04
  818 0.00000E+00 0.18590E+04
  819 0.00000E+00 0.18580E+04
  820 0.00000E+00 0.18567E+04
  821 0.00000E+00 0.18552E+04
  822 0.00000E+00 0.18534E+04
  823 0.00000E+00 0.18511E+04
  824 0.00000E+00 0.18485E+04
  825 0.00000E+00 0.18452E+04
  826 0.00000E+00 0.18414E+04
  827 0.00000E+00 0.18367E+04
  828 0.00000E+00 0.18311E+04
  829 0.00000E+00 0.18243E+04
  830 0.00000E+00 0.18157E+04
  831 0.00000E+00 0.18049E+04
  832 0.00000E+00 0.17910E+04
  833 0.00000E+00 0.17728E+04
  834 0.00000E+00 0.17491E+04
  835 0.00000E+00 0.17182E+04
  836 0.00000E+00 0.16784E+04
  837 0.00000E+00 0.16280E+04
  838 0.00000E+00 0.15655E+04
  839 0.00000E+00 0.14900E+04
  840 0.00000E+00 0.14011E+04
  841 0.00000E+00 0.12996E+04
  842 0.00000E+00 0.11871E+04
  843 0.00000E+00 0.10660E+04
  844 0.00000E+00 0.93966E+03
  845 0.00000E+00 0.81203E+03
  846 0.00000E+00 0.68706E+03
  847 0.00000E+00 0.56852E+03
  848 0.00000E+00 0.45961E+03
  849 0.00000E+00 0.36267E+03
  850 0.00000E+00 0.27912E+03
  851 0.00000E+00 0.20936E+03
  852 0.00000E+00 0.15295E+03
  853 0.00000E+00 0.10878E+03
  854 0.00000E+00 0.75271E+02
  855 0.00000E+00 0.50655E+02
  856 0.00000E+00 0.33142E+02
  857 0.00000E+00 0.21074E+02
  858 0.00000E+00 0.13020E+02
  859 0.00000E+00 0.78136E+01
  860 0.00000E+00 0.45546E+01
  861 0.00000E+00 0.25779E+01
  862 0.00000E+00 0.14174E+01
  863 0.00000E+00 0.75682E+00
  864 0.00000E+00 0.39315E+00
  865 0.00000E+00 0.19857E+00
  866 0.00000E+00 0.97695E-01
  867 0.00000E+00 0.47456E-01
  868 0.00000E+00 0.22487E-01
  869 0.00000E+00 0.10952E-01
  870 0.00000E+00 0.51413E-02
  871 0.00000E+00 0.22735E-02
  872 0.00000E+00 0.15655E-02
  873 0.00000E+00 0.12751E-02
  874 0.00000E+00 0.98468E-03
  875 0.00000E+00 0.83062E-03
  876 0.00000E+00 0.81292E-03
  877 0.00000E+00 0.79521E-03
  878 0.00000E+00 0.77751E-03
  879 0.00000E+00 0.76382E-03
  880 0.00000E+00 0.75416E-03
  881 0.00000E+00 0.74450E-03
  882 0.00000E+00 0.73484E-03
  883 0.00000E+00 0.72402E-03
  884 0.00000E+00 0.71205E-03
  885 0.00000E+00 0.70007E-03
  886 0.00000E+00 0.68809E-03
  887 0.00000E+00 0.67724E-03
  888 0.00000E+00 0.66751E-03
  889 0.00000E+00 0.65779E-03
  890 0.00000E+00 0.64806E-03
  891 0.00000E+00 0.64009E-03
  892 0.00000E+00 0.63387E-03
  893 0.00000E+00 0.62766E-03
  894 0.00000E+00 0.62144E-03
  895 0.00000E+00 0.61389E-03
  896 0.00000E+00 0.60501E-03
  897 0.00000E+00 0.59612E-03
  898 0.00000E+00 0.58723E-03
  899 0.00000E+00 0.57879E-03
  900 0.00000E+00 0.57081E-03
  901 0.00000E+00 0.56282E-03
  902 0.00000E+00 0.55483E-03
  903 0.00000E+00 0.54613E-03
  904 0.00000E+00 0.53670E-03
  905 0.00000E+00 0.52727E-03
  906 0.00000E+00 0.51783E-03
  907 0.00000E+00 0.50975E-03
  908 0.00000E+00 0.50301E-03
  909 0.00000E+00 0.49627E-03
  910 0.00000E+00 0.48953E-03
  911 0.00000E+00 0.48286E-03
  912 0.00000E+00 0.47627E-03
  913 0.00000E+00 0.46967E-03
  914 0.00000E+00 0.46308E-03
  915 0.00000E+00 0.45665E-03
  916 0.00000E+00 0.45040E-03
  917 0.00000E+00 0.44415E-03
  918 0.00000E+00 0.43790E-03
  919 0.00000E+00 0.43085E-03
  920 0.00000E+00 0.42300E-03
  921 0.00000E+00 0.41516E-03
  922 0.00000E+00 0.40731E-03
  923 0.00000E+00 0.40053E-03
  924 0.00000E+00 0.39480E-03
  925 0.00000E+00 0.38907E-03
  926 0.00000E+00 0.38335E-03
  927 0.00000E+00 0.37720E-03
  928 0.00000E+00 0.37062E-03
  929 0.00000E+00 0.36405E-03
  930 0.00000E+00 0.35747E-03
  931 0.00000E+00 0.35184E-03
  932 0.00000E+00 0.34714E-03
  933 0.00000E+00 0.34244E-03
  934 0.00000E+00 0.33774E-03
  935 0.00000E+00 0.33202E-03
  936 0.00000E+00 0.32530E-03
  937 0.00000E+00 0.31857E-03
  938 0.00000E+00 0.31184E-03
  939 0.00000E+00 0.30580E-03
  940 0.00000E+00 0.30045E-03
  941 0.00000E+00 0.29509E-03
  942 0.00000E+00 0.28974E-03
  943 0.00000E+00 0.28461E-03
  944 0.00000E+00 0.27970E-03
  945 0.00000E+00 0.27480E-03
  946 0.00000E+00 0.26989E-03
  947 0.00000E+00 0.26563E-03
  948 0.00000E+00 0.26202E-03
  949 0.00000E+00 0.25840E-03
  950 0.00000E+00 0.25479E-03
  951 0.00000E+00 0.25110E-03
  952 0.00000E+00 0.24734E-03
  953 0.00000E+00 0.24358E-03
  954 0.00000E+00 0.23982E-03
  955 0.00000E+00 0.23545E-03
  956 0.00000E+00 0.23047E-03
  957 0.00000E+00 0.22550E-03
  958 0.00000E+00 0.22053E-03
  959 0.00000E+00 0.21669E-03
  960 0.00000E+00 0.21398E-03
  961 0.00000E+00 0.21128E-03
  962 0.00000E+00 0.20858E-03
  963 0.00000E+00 0.20560E-03
  964 0.00000E+00 0.20235E-03
  965 0.00000E+00 0.19909E-03
  966 0.00000E+00 0.19584E-03
  967 0.00000E+00 0.19290E-03
  968 0.00000E+00 0.19027E-03
  969 0.00000E+00 0.18764E-03
  970 0.00000E+00 0.18501E-03
  971 0.00000E+00 0.18144E-03
  972 0.00000E+00 0.17692E-03
  973 0.00000E+00 0.17240E-03
  974 0.00000E+00 0.16789E-03
  975 0.00000E+00 0.16405E-03
  976 0.00000E+00 0.16091E-03
  977 0.00000E+00 0.15776E-03
  978 0.00000E+00 0.15461E-03
  979 0.00000E+00 0.15184E-03
  980 0.00000E+00 0.14946E-03
  981 0.00000E+00 0.14707E-03
  982 0.00000E+00 0.14469E-03
  983 0.00000E+00 0.14211E-03
  984 0.00000E+00 0.13935E-03
  985 0.00000E+00 0.13658E-03
  986 0.00000E+00 0.13381E-03
  987 0.00000E+00 0.13153E-03
  988 0.00000E+00 0.12974E-03
  989 0.00000E+00 0.12795E-03
  990 0.00000E+00 0.12615E-03
  991 0.00000E+00 0.12406E-03
  992 0.00000E+00 0.12165E-03
  993 0.00000E+00 0.11924E-03
  994 0.00000E+00 0.11684E-03
  995 0.00000E+00 0.11555E-03
  996 0.00000E+00 0.11538E-03
  997 0.00000E+00 0.11522E-03
  998 0.00000E+00 0.11505E-03
  999 0.00000E+00 0.11357E-03
 1000 0.00000E+00 0.11079E-03
 1001 0.00000E+00 0.10800E-03
 1002 0.00000E+00 0.10522E-03
 1003 0.00000E+00 0.10336E-03
 1004 0.00000E+00 0.10243E-03
 1005 0.00000E+00 0.10150E-03
 1006 0.00000E+00 0.10057E-03
 1007 0.00000E+00 0.99187E-04
 1008 0.00000E+00 0.97346E-04
 1009 0.00000E+00 0.95504E-04
 1010 0.00000E+00 0.93663E-04
 1011 0.00000E+00 0.92001E-04
 1012 0.00000E+00 0.90520E-04
 1013 0.00000E+00 0.89039E-04
 1014 0.00000E+00 0.87558E-04
 1015 0.00000E+00 0.86500E-04
 1016 0.00000E+00 0.85865E-04
 1017 0.00000E+00 0.85230E-04
 1018 0.00000E+00 0.84595E-04
 1019 0.00000E+00 0.84288E-04
 1020 0.00000E+00 0.84310E-04
 1021 0.00000E+00 0.84331E-04
 1022 0.00000E+00 0.84352E-04
 1023 0.00000E+00 0.84363E-04
 1024 0.00000E+00 0.84363E-04
