NDF v9.6a 30Oct13 rev 17Jan14 run 01/07/2021 17:14:37 Filename: ndff4401.dat Chris Jeynes (HVEE 2MV Tandetron, Stephens Lab), University of Surrey Ion Beam Centre
batch ndf.spc                                                                       
str ag70au.str                                                                    
file 790069RAu.txt                                                                 
geo rbs.geo                                                                       
 channel data fit
    1 0.53000E+02 0.51127E+03
    2 0.27000E+02 0.46774E+03
    3 0.22000E+02 0.52925E+03
    4 0.10000E+02 0.53814E+03
    5 0.25000E+02 0.49440E+03
    6 0.20000E+02 0.50314E+03
    7 0.20000E+02 0.51261E+03
    8 0.12000E+02 0.52282E+03
    9 0.31000E+02 0.53294E+03
   10 0.17000E+02 0.54296E+03
   11 0.80000E+01 0.55276E+03
   12 0.80000E+01 0.56234E+03
   13 0.15000E+02 0.57181E+03
   14 0.11000E+02 0.58117E+03
   15 0.17000E+02 0.59022E+03
   16 0.14410E+04 0.59895E+03
   17 0.28770E+04 0.60756E+03
   18 0.27560E+04 0.61604E+03
   19 0.28740E+04 0.62431E+03
   20 0.28460E+04 0.63236E+03
   21 0.25840E+04 0.64028E+03
   22 0.26030E+04 0.64808E+03
   23 0.26960E+04 0.65559E+03
   24 0.26370E+04 0.66284E+03
   25 0.25100E+04 0.66995E+03
   26 0.25200E+04 0.67693E+03
   27 0.25650E+04 0.68353E+03
   28 0.26380E+04 0.68974E+03
   29 0.25550E+04 0.69582E+03
   30 0.24870E+04 0.70178E+03
   31 0.26240E+04 0.70792E+03
   32 0.26110E+04 0.71424E+03
   33 0.25580E+04 0.72044E+03
   34 0.24870E+04 0.72651E+03
   35 0.25260E+04 0.73225E+03
   36 0.25590E+04 0.73765E+03
   37 0.25550E+04 0.74293E+03
   38 0.25650E+04 0.74810E+03
   39 0.26030E+04 0.75321E+03
   40 0.25640E+04 0.75825E+03
   41 0.25970E+04 0.76320E+03
   42 0.25780E+04 0.76804E+03
   43 0.26150E+04 0.77282E+03
   44 0.25800E+04 0.77754E+03
   45 0.25450E+04 0.78217E+03
   46 0.25740E+04 0.78671E+03
   47 0.26270E+04 0.79088E+03
   48 0.26400E+04 0.79469E+03
   49 0.25510E+04 0.79841E+03
   50 0.26350E+04 0.80207E+03
   51 0.26700E+04 0.80570E+03
   52 0.27970E+04 0.80931E+03
   53 0.27640E+04 0.81286E+03
   54 0.26630E+04 0.81634E+03
   55 0.26210E+04 0.81999E+03
   56 0.27940E+04 0.82382E+03
   57 0.26520E+04 0.82759E+03
   58 0.27510E+04 0.83130E+03
   59 0.27030E+04 0.83488E+03
   60 0.27560E+04 0.83831E+03
   61 0.27570E+04 0.84169E+03
   62 0.26580E+04 0.84504E+03
   63 0.27080E+04 0.84831E+03
   64 0.28790E+04 0.85151E+03
   65 0.27380E+04 0.85467E+03
   66 0.27990E+04 0.85780E+03
   67 0.27400E+04 0.86104E+03
   68 0.29300E+04 0.86438E+03
   69 0.28440E+04 0.86770E+03
   70 0.27940E+04 0.87100E+03
   71 0.27190E+04 0.87398E+03
   72 0.28340E+04 0.87666E+03
   73 0.29220E+04 0.87931E+03
   74 0.27980E+04 0.88195E+03
   75 0.27950E+04 0.88491E+03
   76 0.29340E+04 0.88820E+03
   77 0.28720E+04 0.89147E+03
   78 0.28350E+04 0.89473E+03
   79 0.27370E+04 0.89787E+03
   80 0.28220E+04 0.90088E+03
   81 0.28330E+04 0.90387E+03
   82 0.27620E+04 0.90687E+03
   83 0.28640E+04 0.90969E+03
   84 0.28420E+04 0.91235E+03
   85 0.29620E+04 0.91501E+03
   86 0.29460E+04 0.91765E+03
   87 0.27890E+04 0.92055E+03
   88 0.28790E+04 0.92370E+03
   89 0.28310E+04 0.92684E+03
   90 0.28610E+04 0.92998E+03
   91 0.28990E+04 0.93288E+03
   92 0.29090E+04 0.93555E+03
   93 0.29340E+04 0.93821E+03
   94 0.29270E+04 0.94087E+03
   95 0.28230E+04 0.94354E+03
   96 0.30310E+04 0.94623E+03
   97 0.29660E+04 0.94892E+03
   98 0.29020E+04 0.95160E+03
   99 0.28880E+04 0.95433E+03
  100 0.29960E+04 0.95711E+03
  101 0.30260E+04 0.95988E+03
  102 0.29420E+04 0.96264E+03
  103 0.28600E+04 0.96557E+03
  104 0.30450E+04 0.96866E+03
  105 0.29830E+04 0.97175E+03
  106 0.28110E+04 0.97483E+03
  107 0.28860E+04 0.97778E+03
  108 0.30760E+04 0.98059E+03
  109 0.28780E+04 0.98340E+03
  110 0.29970E+04 0.98619E+03
  111 0.28420E+04 0.98898E+03
  112 0.30780E+04 0.99175E+03
  113 0.29460E+04 0.99452E+03
  114 0.29090E+04 0.99728E+03
  115 0.29030E+04 0.99997E+03
  116 0.30850E+04 0.10026E+04
  117 0.29870E+04 0.10052E+04
  118 0.28380E+04 0.10078E+04
  119 0.30530E+04 0.10105E+04
  120 0.30800E+04 0.10133E+04
  121 0.29600E+04 0.10160E+04
  122 0.28960E+04 0.10188E+04
  123 0.29350E+04 0.10214E+04
  124 0.30200E+04 0.10238E+04
  125 0.30230E+04 0.10262E+04
  126 0.29900E+04 0.10286E+04
  127 0.29740E+04 0.10311E+04
  128 0.30040E+04 0.10337E+04
  129 0.30110E+04 0.10363E+04
  130 0.30270E+04 0.10389E+04
  131 0.29010E+04 0.10416E+04
  132 0.30870E+04 0.10445E+04
  133 0.29990E+04 0.10473E+04
  134 0.28510E+04 0.10501E+04
  135 0.29180E+04 0.10530E+04
  136 0.30730E+04 0.10558E+04
  137 0.28670E+04 0.10586E+04
  138 0.29090E+04 0.10614E+04
  139 0.28700E+04 0.10636E+04
  140 0.29600E+04 0.10652E+04
  141 0.30430E+04 0.10669E+04
  142 0.29890E+04 0.10685E+04
  143 0.29460E+04 0.10705E+04
  144 0.31220E+04 0.10729E+04
  145 0.30330E+04 0.10753E+04
  146 0.29590E+04 0.10776E+04
  147 0.29260E+04 0.10803E+04
  148 0.31140E+04 0.10832E+04
  149 0.29790E+04 0.10860E+04
  150 0.29510E+04 0.10889E+04
  151 0.28560E+04 0.10913E+04
  152 0.28430E+04 0.10933E+04
  153 0.29100E+04 0.10952E+04
  154 0.29470E+04 0.10972E+04
  155 0.29090E+04 0.10992E+04
  156 0.30090E+04 0.11014E+04
  157 0.29540E+04 0.11036E+04
  158 0.27880E+04 0.11057E+04
  159 0.29470E+04 0.11079E+04
  160 0.30690E+04 0.11100E+04
  161 0.28760E+04 0.11121E+04
  162 0.29380E+04 0.11142E+04
  163 0.28960E+04 0.11163E+04
  164 0.30230E+04 0.11184E+04
  165 0.28040E+04 0.11204E+04
  166 0.29740E+04 0.11225E+04
  167 0.28700E+04 0.11244E+04
  168 0.29600E+04 0.11264E+04
  169 0.29350E+04 0.11283E+04
  170 0.29110E+04 0.11303E+04
  171 0.28090E+04 0.11322E+04
  172 0.29300E+04 0.11341E+04
  173 0.29360E+04 0.11360E+04
  174 0.28480E+04 0.11379E+04
  175 0.28840E+04 0.11397E+04
  176 0.28930E+04 0.11413E+04
  177 0.28940E+04 0.11429E+04
  178 0.28930E+04 0.11446E+04
  179 0.28840E+04 0.11463E+04
  180 0.30180E+04 0.11481E+04
  181 0.29470E+04 0.11499E+04
  182 0.29030E+04 0.11518E+04
  183 0.28620E+04 0.11536E+04
  184 0.29560E+04 0.11556E+04
  185 0.28950E+04 0.11575E+04
  186 0.28240E+04 0.11594E+04
  187 0.28780E+04 0.11610E+04
  188 0.29360E+04 0.11624E+04
  189 0.29550E+04 0.11637E+04
  190 0.29020E+04 0.11650E+04
  191 0.28690E+04 0.11667E+04
  192 0.29440E+04 0.11686E+04
  193 0.27770E+04 0.11705E+04
  194 0.28850E+04 0.11724E+04
  195 0.27920E+04 0.11743E+04
  196 0.30170E+04 0.11761E+04
  197 0.27480E+04 0.11778E+04
  198 0.28490E+04 0.11796E+04
  199 0.27540E+04 0.11813E+04
  200 0.29550E+04 0.11830E+04
  201 0.27560E+04 0.11846E+04
  202 0.27180E+04 0.11863E+04
  203 0.27770E+04 0.11878E+04
  204 0.29410E+04 0.11892E+04
  205 0.27380E+04 0.11906E+04
  206 0.28740E+04 0.11920E+04
  207 0.27470E+04 0.11934E+04
  208 0.28620E+04 0.11949E+04
  209 0.28090E+04 0.11963E+04
  210 0.27730E+04 0.11978E+04
  211 0.27220E+04 0.11993E+04
  212 0.29160E+04 0.12009E+04
  213 0.27200E+04 0.12025E+04
  214 0.27540E+04 0.12041E+04
  215 0.27620E+04 0.12054E+04
  216 0.27800E+04 0.12066E+04
  217 0.27990E+04 0.12077E+04
  218 0.28120E+04 0.12088E+04
  219 0.27770E+04 0.12103E+04
  220 0.27670E+04 0.12121E+04
  221 0.26750E+04 0.12139E+04
  222 0.26820E+04 0.12158E+04
  223 0.26750E+04 0.12172E+04
  224 0.27830E+04 0.12184E+04
  225 0.26900E+04 0.12195E+04
  226 0.26720E+04 0.12206E+04
  227 0.27060E+04 0.12217E+04
  228 0.28440E+04 0.12228E+04
  229 0.27540E+04 0.12240E+04
  230 0.27000E+04 0.12251E+04
  231 0.26440E+04 0.12264E+04
  232 0.28940E+04 0.12278E+04
  233 0.27130E+04 0.12291E+04
  234 0.26610E+04 0.12305E+04
  235 0.27300E+04 0.12318E+04
  236 0.27690E+04 0.12332E+04
  237 0.26850E+04 0.12346E+04
  238 0.25860E+04 0.12360E+04
  239 0.26380E+04 0.12373E+04
  240 0.28260E+04 0.12386E+04
  241 0.26290E+04 0.12399E+04
  242 0.26100E+04 0.12412E+04
  243 0.27060E+04 0.12422E+04
  244 0.26860E+04 0.12430E+04
  245 0.27300E+04 0.12438E+04
  246 0.27990E+04 0.12446E+04
  247 0.25920E+04 0.12458E+04
  248 0.27390E+04 0.12474E+04
  249 0.26270E+04 0.12489E+04
  250 0.26760E+04 0.12505E+04
  251 0.25300E+04 0.12518E+04
  252 0.27410E+04 0.12529E+04
  253 0.26010E+04 0.12539E+04
  254 0.25590E+04 0.12549E+04
  255 0.27080E+04 0.12560E+04
  256 0.27240E+04 0.12570E+04
  257 0.26430E+04 0.12581E+04
  258 0.26010E+04 0.12591E+04
  259 0.26320E+04 0.12601E+04
  260 0.26810E+04 0.12611E+04
  261 0.27750E+04 0.12621E+04
  262 0.25920E+04 0.12630E+04
  263 0.25610E+04 0.12641E+04
  264 0.26770E+04 0.12652E+04
  265 0.26340E+04 0.12663E+04
  266 0.27430E+04 0.12675E+04
  267 0.25940E+04 0.12686E+04
  268 0.25730E+04 0.12699E+04
  269 0.25910E+04 0.12711E+04
  270 0.26240E+04 0.12724E+04
  271 0.25320E+04 0.12736E+04
  272 0.26270E+04 0.12747E+04
  273 0.25420E+04 0.12758E+04
  274 0.26080E+04 0.12769E+04
  275 0.25500E+04 0.12781E+04
  276 0.25590E+04 0.12792E+04
  277 0.25250E+04 0.12804E+04
  278 0.25380E+04 0.12815E+04
  279 0.24680E+04 0.12825E+04
  280 0.25700E+04 0.12832E+04
  281 0.24970E+04 0.12840E+04
  282 0.24930E+04 0.12847E+04
  283 0.25370E+04 0.12856E+04
  284 0.26510E+04 0.12868E+04
  285 0.25810E+04 0.12880E+04
  286 0.24140E+04 0.12892E+04
  287 0.25110E+04 0.12901E+04
  288 0.24880E+04 0.12908E+04
  289 0.25240E+04 0.12915E+04
  290 0.26020E+04 0.12922E+04
  291 0.24380E+04 0.12931E+04
  292 0.25360E+04 0.12942E+04
  293 0.24880E+04 0.12953E+04
  294 0.24560E+04 0.12964E+04
  295 0.24430E+04 0.12974E+04
  296 0.25770E+04 0.12984E+04
  297 0.24960E+04 0.12994E+04
  298 0.23760E+04 0.13004E+04
  299 0.24110E+04 0.13014E+04
  300 0.25700E+04 0.13022E+04
  301 0.24570E+04 0.13031E+04
  302 0.24280E+04 0.13040E+04
  303 0.24470E+04 0.13048E+04
  304 0.24470E+04 0.13054E+04
  305 0.24510E+04 0.13060E+04
  306 0.23910E+04 0.13067E+04
  307 0.24570E+04 0.13076E+04
  308 0.25700E+04 0.13089E+04
  309 0.24100E+04 0.13101E+04
  310 0.24000E+04 0.13114E+04
  311 0.22950E+04 0.13122E+04
  312 0.24530E+04 0.13126E+04
  313 0.25120E+04 0.13130E+04
  314 0.24100E+04 0.13133E+04
  315 0.23380E+04 0.13140E+04
  316 0.25220E+04 0.13151E+04
  317 0.24250E+04 0.13161E+04
  318 0.23560E+04 0.13172E+04
  319 0.23600E+04 0.13181E+04
  320 0.24490E+04 0.13189E+04
  321 0.23610E+04 0.13197E+04
  322 0.24270E+04 0.13206E+04
  323 0.23610E+04 0.13216E+04
  324 0.23570E+04 0.13227E+04
  325 0.23130E+04 0.13239E+04
  326 0.22380E+04 0.13251E+04
  327 0.23240E+04 0.13259E+04
  328 0.22490E+04 0.13263E+04
  329 0.23170E+04 0.13267E+04
  330 0.22910E+04 0.13271E+04
  331 0.22660E+04 0.13277E+04
  332 0.23570E+04 0.13286E+04
  333 0.22760E+04 0.13294E+04
  334 0.22910E+04 0.13303E+04
  335 0.21760E+04 0.13310E+04
  336 0.23170E+04 0.13317E+04
  337 0.22560E+04 0.13324E+04
  338 0.22930E+04 0.13331E+04
  339 0.22630E+04 0.13337E+04
  340 0.21540E+04 0.13344E+04
  341 0.22290E+04 0.13369E+04
  342 0.21950E+04 0.13375E+04
  343 0.20360E+04 0.13388E+04
  344 0.21260E+04 0.13408E+04
  345 0.20210E+04 0.13428E+04
  346 0.19830E+04 0.13448E+04
  347 0.18280E+04 0.13485E+04
  348 0.16730E+04 0.13539E+04
  349 0.14890E+04 0.13592E+04
  350 0.12280E+04 0.13646E+04
  351 0.82000E+03 0.13697E+04
  352 0.45400E+03 0.13747E+04
  353 0.14000E+03 0.13796E+04
  354 0.66000E+02 0.13846E+04
  355 0.43000E+02 0.13867E+04
  356 0.74000E+02 0.13860E+04
  357 0.52000E+02 0.13853E+04
  358 0.53000E+02 0.13846E+04
  359 0.40000E+02 0.13841E+04
  360 0.78000E+02 0.13837E+04
  361 0.73000E+02 0.13833E+04
  362 0.57000E+02 0.13829E+04
  363 0.43000E+02 0.13826E+04
  364 0.70000E+02 0.13825E+04
  365 0.52000E+02 0.13824E+04
  366 0.43000E+02 0.13824E+04
  367 0.44000E+02 0.13823E+04
  368 0.66000E+02 0.13823E+04
  369 0.43000E+02 0.13823E+04
  370 0.46000E+02 0.13823E+04
  371 0.36000E+02 0.13823E+04
  372 0.49000E+02 0.13823E+04
  373 0.51000E+02 0.13823E+04
  374 0.44000E+02 0.13823E+04
  375 0.55000E+02 0.13823E+04
  376 0.58000E+02 0.13824E+04
  377 0.52000E+02 0.13825E+04
  378 0.45000E+02 0.13826E+04
  379 0.50000E+02 0.13827E+04
  380 0.54000E+02 0.13828E+04
  381 0.42000E+02 0.13829E+04
  382 0.56000E+02 0.13830E+04
  383 0.43000E+02 0.13832E+04
  384 0.68000E+02 0.13834E+04
  385 0.52000E+02 0.13836E+04
  386 0.35000E+02 0.13838E+04
  387 0.41000E+02 0.13839E+04
  388 0.47000E+02 0.13841E+04
  389 0.38000E+02 0.13843E+04
  390 0.45000E+02 0.13844E+04
  391 0.36000E+02 0.13846E+04
  392 0.56000E+02 0.13847E+04
  393 0.39000E+02 0.13849E+04
  394 0.37000E+02 0.13850E+04
  395 0.34000E+02 0.13852E+04
  396 0.66000E+02 0.13853E+04
  397 0.34000E+02 0.13855E+04
  398 0.50000E+02 0.13856E+04
  399 0.52000E+02 0.13858E+04
  400 0.54000E+02 0.13860E+04
  401 0.45000E+02 0.13862E+04
  402 0.32000E+02 0.13864E+04
  403 0.44000E+02 0.13865E+04
  404 0.42000E+02 0.13867E+04
  405 0.44000E+02 0.13868E+04
  406 0.39000E+02 0.13869E+04
  407 0.42000E+02 0.13870E+04
  408 0.45000E+02 0.13872E+04
  409 0.32000E+02 0.13873E+04
  410 0.36000E+02 0.13874E+04
  411 0.40000E+02 0.13875E+04
  412 0.42000E+02 0.13876E+04
  413 0.38000E+02 0.13876E+04
  414 0.43000E+02 0.13877E+04
  415 0.43000E+02 0.13878E+04
  416 0.46000E+02 0.13878E+04
  417 0.41000E+02 0.13879E+04
  418 0.30000E+02 0.13880E+04
  419 0.39000E+02 0.13881E+04
  420 0.36000E+02 0.13881E+04
  421 0.28000E+02 0.13881E+04
  422 0.26000E+02 0.13881E+04
  423 0.35000E+02 0.13881E+04
  424 0.46000E+02 0.13881E+04
  425 0.29000E+02 0.13881E+04
  426 0.35000E+02 0.13881E+04
  427 0.30000E+02 0.13880E+04
  428 0.25000E+02 0.13879E+04
  429 0.26000E+02 0.13879E+04
  430 0.37000E+02 0.13878E+04
  431 0.29000E+02 0.13877E+04
  432 0.31000E+02 0.13875E+04
  433 0.33000E+02 0.13874E+04
  434 0.35000E+02 0.13873E+04
  435 0.40000E+02 0.13872E+04
  436 0.23000E+02 0.13871E+04
  437 0.22000E+02 0.13870E+04
  438 0.23000E+02 0.13869E+04
  439 0.27000E+02 0.13868E+04
  440 0.30000E+02 0.13866E+04
  441 0.23000E+02 0.13864E+04
  442 0.22000E+02 0.13862E+04
  443 0.33000E+02 0.13860E+04
  444 0.32000E+02 0.13859E+04
  445 0.26000E+02 0.13857E+04
  446 0.26000E+02 0.13855E+04
  447 0.26000E+02 0.13853E+04
  448 0.28000E+02 0.13851E+04
  449 0.25000E+02 0.13849E+04
  450 0.39000E+02 0.13847E+04
  451 0.26000E+02 0.13845E+04
  452 0.34000E+02 0.13844E+04
  453 0.30000E+02 0.13842E+04
  454 0.28000E+02 0.13841E+04
  455 0.24000E+02 0.13839E+04
  456 0.18000E+02 0.13838E+04
  457 0.26000E+02 0.13836E+04
  458 0.19000E+02 0.13834E+04
  459 0.25000E+02 0.13833E+04
  460 0.19000E+02 0.13831E+04
  461 0.17000E+02 0.13829E+04
  462 0.26000E+02 0.13828E+04
  463 0.26000E+02 0.13826E+04
  464 0.21000E+02 0.13825E+04
  465 0.15000E+02 0.13824E+04
  466 0.19000E+02 0.13822E+04
  467 0.17000E+02 0.13821E+04
  468 0.26000E+02 0.13820E+04
  469 0.24000E+02 0.13818E+04
  470 0.18000E+02 0.13817E+04
  471 0.18000E+02 0.13816E+04
  472 0.20000E+02 0.13815E+04
  473 0.18000E+02 0.13814E+04
  474 0.13000E+02 0.13814E+04
  475 0.13000E+02 0.13812E+04
  476 0.15000E+02 0.13811E+04
  477 0.23000E+02 0.13809E+04
  478 0.26000E+02 0.13808E+04
  479 0.24000E+02 0.13807E+04
  480 0.17000E+02 0.13807E+04
  481 0.20000E+02 0.13806E+04
  482 0.19000E+02 0.13806E+04
  483 0.16000E+02 0.13805E+04
  484 0.13000E+02 0.13804E+04
  485 0.22000E+02 0.13803E+04
  486 0.16000E+02 0.13803E+04
  487 0.25000E+02 0.13802E+04
  488 0.17000E+02 0.13801E+04
  489 0.19000E+02 0.13801E+04
  490 0.21000E+02 0.13800E+04
  491 0.22000E+02 0.13800E+04
  492 0.12000E+02 0.13800E+04
  493 0.14000E+02 0.13799E+04
  494 0.19000E+02 0.13799E+04
  495 0.20000E+02 0.13798E+04
  496 0.13000E+02 0.13798E+04
  497 0.16000E+02 0.13797E+04
  498 0.18000E+02 0.13796E+04
  499 0.16000E+02 0.13796E+04
  500 0.17000E+02 0.13795E+04
  501 0.24000E+02 0.13794E+04
  502 0.22000E+02 0.13794E+04
  503 0.20000E+02 0.13793E+04
  504 0.12000E+02 0.13793E+04
  505 0.15000E+02 0.13793E+04
  506 0.12000E+02 0.13793E+04
  507 0.12000E+02 0.13785E+04
  508 0.11000E+02 0.13770E+04
  509 0.15000E+02 0.13756E+04
  510 0.94900E+03 0.13741E+04
  511 0.00000E+00 0.13742E+04
  512 0.00000E+00 0.13757E+04
  513 0.00000E+00 0.13773E+04
  514 0.00000E+00 0.13788E+04
  515 0.00000E+00 0.13795E+04
  516 0.00000E+00 0.13793E+04
  517 0.00000E+00 0.13791E+04
  518 0.00000E+00 0.13789E+04
  519 0.00000E+00 0.13787E+04
  520 0.00000E+00 0.13785E+04
  521 0.00000E+00 0.13783E+04
  522 0.00000E+00 0.13781E+04
  523 0.00000E+00 0.13779E+04
  524 0.00000E+00 0.13778E+04
  525 0.00000E+00 0.13776E+04
  526 0.00000E+00 0.13774E+04
  527 0.00000E+00 0.13772E+04
  528 0.00000E+00 0.13770E+04
  529 0.00000E+00 0.13769E+04
  530 0.00000E+00 0.13767E+04
  531 0.00000E+00 0.13765E+04
  532 0.00000E+00 0.13763E+04
  533 0.00000E+00 0.13761E+04
  534 0.00000E+00 0.13758E+04
  535 0.00000E+00 0.13756E+04
  536 0.00000E+00 0.13754E+04
  537 0.00000E+00 0.13752E+04
  538 0.00000E+00 0.13750E+04
  539 0.00000E+00 0.13748E+04
  540 0.00000E+00 0.13746E+04
  541 0.00000E+00 0.13743E+04
  542 0.00000E+00 0.13741E+04
  543 0.00000E+00 0.13739E+04
  544 0.00000E+00 0.13736E+04
  545 0.00000E+00 0.13734E+04
  546 0.00000E+00 0.13732E+04
  547 0.00000E+00 0.13729E+04
  548 0.00000E+00 0.13727E+04
  549 0.00000E+00 0.13725E+04
  550 0.00000E+00 0.13722E+04
  551 0.00000E+00 0.13720E+04
  552 0.00000E+00 0.13717E+04
  553 0.00000E+00 0.13715E+04
  554 0.00000E+00 0.13713E+04
  555 0.00000E+00 0.13710E+04
  556 0.00000E+00 0.13708E+04
  557 0.00000E+00 0.13705E+04
  558 0.00000E+00 0.13703E+04
  559 0.00000E+00 0.13700E+04
  560 0.00000E+00 0.13698E+04
  561 0.00000E+00 0.13695E+04
  562 0.00000E+00 0.13693E+04
  563 0.00000E+00 0.13690E+04
  564 0.00000E+00 0.13688E+04
  565 0.00000E+00 0.13686E+04
  566 0.00000E+00 0.13683E+04
  567 0.00000E+00 0.13681E+04
  568 0.00000E+00 0.13678E+04
  569 0.00000E+00 0.13676E+04
  570 0.00000E+00 0.13673E+04
  571 0.00000E+00 0.13671E+04
  572 0.00000E+00 0.13669E+04
  573 0.00000E+00 0.13666E+04
  574 0.00000E+00 0.13664E+04
  575 0.00000E+00 0.13662E+04
  576 0.00000E+00 0.13659E+04
  577 0.00000E+00 0.13657E+04
  578 0.00000E+00 0.13655E+04
  579 0.00000E+00 0.13652E+04
  580 0.00000E+00 0.13650E+04
  581 0.00000E+00 0.13648E+04
  582 0.00000E+00 0.13645E+04
  583 0.00000E+00 0.13643E+04
  584 0.00000E+00 0.13641E+04
  585 0.00000E+00 0.13638E+04
  586 0.00000E+00 0.13636E+04
  587 0.00000E+00 0.13634E+04
  588 0.00000E+00 0.13631E+04
  589 0.00000E+00 0.13629E+04
  590 0.00000E+00 0.13626E+04
  591 0.00000E+00 0.13624E+04
  592 0.00000E+00 0.13621E+04
  593 0.00000E+00 0.13619E+04
  594 0.00000E+00 0.13616E+04
  595 0.00000E+00 0.13614E+04
  596 0.00000E+00 0.13611E+04
  597 0.00000E+00 0.13608E+04
  598 0.00000E+00 0.13606E+04
  599 0.00000E+00 0.13603E+04
  600 0.00000E+00 0.13600E+04
  601 0.00000E+00 0.13598E+04
  602 0.00000E+00 0.13595E+04
  603 0.00000E+00 0.13592E+04
  604 0.00000E+00 0.13589E+04
  605 0.00000E+00 0.13586E+04
  606 0.00000E+00 0.13583E+04
  607 0.00000E+00 0.13580E+04
  608 0.00000E+00 0.13577E+04
  609 0.00000E+00 0.13574E+04
  610 0.00000E+00 0.13571E+04
  611 0.00000E+00 0.13567E+04
  612 0.00000E+00 0.13564E+04
  613 0.00000E+00 0.13561E+04
  614 0.00000E+00 0.13558E+04
  615 0.00000E+00 0.13554E+04
  616 0.00000E+00 0.13551E+04
  617 0.00000E+00 0.13548E+04
  618 0.00000E+00 0.13545E+04
  619 0.00000E+00 0.13541E+04
  620 0.00000E+00 0.13538E+04
  621 0.00000E+00 0.13535E+04
  622 0.00000E+00 0.13531E+04
  623 0.00000E+00 0.13528E+04
  624 0.00000E+00 0.13525E+04
  625 0.00000E+00 0.13521E+04
  626 0.00000E+00 0.13518E+04
  627 0.00000E+00 0.13515E+04
  628 0.00000E+00 0.13512E+04
  629 0.00000E+00 0.13508E+04
  630 0.00000E+00 0.13505E+04
  631 0.00000E+00 0.13502E+04
  632 0.00000E+00 0.13498E+04
  633 0.00000E+00 0.13495E+04
  634 0.00000E+00 0.13492E+04
  635 0.00000E+00 0.13489E+04
  636 0.00000E+00 0.13485E+04
  637 0.00000E+00 0.13482E+04
  638 0.00000E+00 0.13479E+04
  639 0.00000E+00 0.13475E+04
  640 0.00000E+00 0.13472E+04
  641 0.00000E+00 0.13469E+04
  642 0.00000E+00 0.13466E+04
  643 0.00000E+00 0.13462E+04
  644 0.00000E+00 0.13459E+04
  645 0.00000E+00 0.13456E+04
  646 0.00000E+00 0.13453E+04
  647 0.00000E+00 0.13449E+04
  648 0.00000E+00 0.13446E+04
  649 0.00000E+00 0.13443E+04
  650 0.00000E+00 0.13440E+04
  651 0.00000E+00 0.13436E+04
  652 0.00000E+00 0.13433E+04
  653 0.00000E+00 0.13430E+04
  654 0.00000E+00 0.13427E+04
  655 0.00000E+00 0.13424E+04
  656 0.00000E+00 0.13421E+04
  657 0.00000E+00 0.13418E+04
  658 0.00000E+00 0.13414E+04
  659 0.00000E+00 0.13411E+04
  660 0.00000E+00 0.13408E+04
  661 0.00000E+00 0.13405E+04
  662 0.00000E+00 0.13402E+04
  663 0.00000E+00 0.13399E+04
  664 0.00000E+00 0.13396E+04
  665 0.00000E+00 0.13392E+04
  666 0.00000E+00 0.13389E+04
  667 0.00000E+00 0.13386E+04
  668 0.00000E+00 0.13383E+04
  669 0.00000E+00 0.13379E+04
  670 0.00000E+00 0.13376E+04
  671 0.00000E+00 0.13373E+04
  672 0.00000E+00 0.13369E+04
  673 0.00000E+00 0.13366E+04
  674 0.00000E+00 0.13362E+04
  675 0.00000E+00 0.13359E+04
  676 0.00000E+00 0.13355E+04
  677 0.00000E+00 0.13352E+04
  678 0.00000E+00 0.13348E+04
  679 0.00000E+00 0.13345E+04
  680 0.00000E+00 0.13341E+04
  681 0.00000E+00 0.13337E+04
  682 0.00000E+00 0.13334E+04
  683 0.00000E+00 0.13330E+04
  684 0.00000E+00 0.13327E+04
  685 0.00000E+00 0.13323E+04
  686 0.00000E+00 0.13319E+04
  687 0.00000E+00 0.13316E+04
  688 0.00000E+00 0.13312E+04
  689 0.00000E+00 0.13308E+04
  690 0.00000E+00 0.13305E+04
  691 0.00000E+00 0.13301E+04
  692 0.00000E+00 0.13298E+04
  693 0.00000E+00 0.13294E+04
  694 0.00000E+00 0.13290E+04
  695 0.00000E+00 0.13287E+04
  696 0.00000E+00 0.13283E+04
  697 0.00000E+00 0.13279E+04
  698 0.00000E+00 0.13276E+04
  699 0.00000E+00 0.13272E+04
  700 0.00000E+00 0.13268E+04
  701 0.00000E+00 0.13264E+04
  702 0.00000E+00 0.13261E+04
  703 0.00000E+00 0.13257E+04
  704 0.00000E+00 0.13253E+04
  705 0.00000E+00 0.13250E+04
  706 0.00000E+00 0.13246E+04
  707 0.00000E+00 0.13242E+04
  708 0.00000E+00 0.13239E+04
  709 0.00000E+00 0.13235E+04
  710 0.00000E+00 0.13231E+04
  711 0.00000E+00 0.13228E+04
  712 0.00000E+00 0.13224E+04
  713 0.00000E+00 0.13220E+04
  714 0.00000E+00 0.13217E+04
  715 0.00000E+00 0.13213E+04
  716 0.00000E+00 0.13209E+04
  717 0.00000E+00 0.13206E+04
  718 0.00000E+00 0.13202E+04
  719 0.00000E+00 0.13198E+04
  720 0.00000E+00 0.13194E+04
  721 0.00000E+00 0.13191E+04
  722 0.00000E+00 0.13187E+04
  723 0.00000E+00 0.13183E+04
  724 0.00000E+00 0.13179E+04
  725 0.00000E+00 0.13175E+04
  726 0.00000E+00 0.13172E+04
  727 0.00000E+00 0.13168E+04
  728 0.00000E+00 0.13164E+04
  729 0.00000E+00 0.13160E+04
  730 0.00000E+00 0.13156E+04
  731 0.00000E+00 0.13152E+04
  732 0.00000E+00 0.13148E+04
  733 0.00000E+00 0.13144E+04
  734 0.00000E+00 0.13139E+04
  735 0.00000E+00 0.13135E+04
  736 0.00000E+00 0.13131E+04
  737 0.00000E+00 0.13127E+04
  738 0.00000E+00 0.13123E+04
  739 0.00000E+00 0.13119E+04
  740 0.00000E+00 0.13115E+04
  741 0.00000E+00 0.13111E+04
  742 0.00000E+00 0.13107E+04
  743 0.00000E+00 0.13103E+04
  744 0.00000E+00 0.13099E+04
  745 0.00000E+00 0.13095E+04
  746 0.00000E+00 0.13091E+04
  747 0.00000E+00 0.13087E+04
  748 0.00000E+00 0.13083E+04
  749 0.00000E+00 0.13079E+04
  750 0.00000E+00 0.13075E+04
  751 0.00000E+00 0.13071E+04
  752 0.00000E+00 0.13067E+04
  753 0.00000E+00 0.13063E+04
  754 0.00000E+00 0.13059E+04
  755 0.00000E+00 0.13055E+04
  756 0.00000E+00 0.13051E+04
  757 0.00000E+00 0.13047E+04
  758 0.00000E+00 0.13043E+04
  759 0.00000E+00 0.13039E+04
  760 0.00000E+00 0.13035E+04
  761 0.00000E+00 0.13031E+04
  762 0.00000E+00 0.13027E+04
  763 0.00000E+00 0.13023E+04
  764 0.00000E+00 0.13019E+04
  765 0.00000E+00 0.13014E+04
  766 0.00000E+00 0.13010E+04
  767 0.00000E+00 0.13006E+04
  768 0.00000E+00 0.13002E+04
  769 0.00000E+00 0.12997E+04
  770 0.00000E+00 0.12993E+04
  771 0.00000E+00 0.12989E+04
  772 0.00000E+00 0.12985E+04
  773 0.00000E+00 0.12980E+04
  774 0.00000E+00 0.12976E+04
  775 0.00000E+00 0.12972E+04
  776 0.00000E+00 0.12967E+04
  777 0.00000E+00 0.12963E+04
  778 0.00000E+00 0.12959E+04
  779 0.00000E+00 0.12954E+04
  780 0.00000E+00 0.12950E+04
  781 0.00000E+00 0.12945E+04
  782 0.00000E+00 0.12941E+04
  783 0.00000E+00 0.12937E+04
  784 0.00000E+00 0.12932E+04
  785 0.00000E+00 0.12928E+04
  786 0.00000E+00 0.12924E+04
  787 0.00000E+00 0.12920E+04
  788 0.00000E+00 0.12915E+04
  789 0.00000E+00 0.12911E+04
  790 0.00000E+00 0.12907E+04
  791 0.00000E+00 0.12903E+04
  792 0.00000E+00 0.12898E+04
  793 0.00000E+00 0.12894E+04
  794 0.00000E+00 0.12890E+04
  795 0.00000E+00 0.12886E+04
  796 0.00000E+00 0.12881E+04
  797 0.00000E+00 0.12877E+04
  798 0.00000E+00 0.12873E+04
  799 0.00000E+00 0.12868E+04
  800 0.00000E+00 0.12864E+04
  801 0.00000E+00 0.12860E+04
  802 0.00000E+00 0.12856E+04
  803 0.00000E+00 0.12852E+04
  804 0.00000E+00 0.12847E+04
  805 0.00000E+00 0.12843E+04
  806 0.00000E+00 0.12839E+04
  807 0.00000E+00 0.12834E+04
  808 0.00000E+00 0.12830E+04
  809 0.00000E+00 0.12825E+04
  810 0.00000E+00 0.12820E+04
  811 0.00000E+00 0.12815E+04
  812 0.00000E+00 0.12810E+04
  813 0.00000E+00 0.12804E+04
  814 0.00000E+00 0.12797E+04
  815 0.00000E+00 0.12789E+04
  816 0.00000E+00 0.12779E+04
  817 0.00000E+00 0.12765E+04
  818 0.00000E+00 0.12745E+04
  819 0.00000E+00 0.12716E+04
  820 0.00000E+00 0.12674E+04
  821 0.00000E+00 0.12615E+04
  822 0.00000E+00 0.12533E+04
  823 0.00000E+00 0.12422E+04
  824 0.00000E+00 0.12277E+04
  825 0.00000E+00 0.12091E+04
  826 0.00000E+00 0.11862E+04
  827 0.00000E+00 0.11586E+04
  828 0.00000E+00 0.11264E+04
  829 0.00000E+00 0.10900E+04
  830 0.00000E+00 0.10499E+04
  831 0.00000E+00 0.10070E+04
  832 0.00000E+00 0.96191E+03
  833 0.00000E+00 0.91564E+03
  834 0.00000E+00 0.86882E+03
  835 0.00000E+00 0.82188E+03
  836 0.00000E+00 0.77497E+03
  837 0.00000E+00 0.72795E+03
  838 0.00000E+00 0.68046E+03
  839 0.00000E+00 0.63206E+03
  840 0.00000E+00 0.58238E+03
  841 0.00000E+00 0.53120E+03
  842 0.00000E+00 0.47864E+03
  843 0.00000E+00 0.42517E+03
  844 0.00000E+00 0.37156E+03
  845 0.00000E+00 0.31888E+03
  846 0.00000E+00 0.26830E+03
  847 0.00000E+00 0.22099E+03
  848 0.00000E+00 0.17796E+03
  849 0.00000E+00 0.13996E+03
  850 0.00000E+00 0.10739E+03
  851 0.00000E+00 0.80325E+02
  852 0.00000E+00 0.58527E+02
  853 0.00000E+00 0.41516E+02
  854 0.00000E+00 0.28654E+02
  855 0.00000E+00 0.19235E+02
  856 0.00000E+00 0.12553E+02
  857 0.00000E+00 0.79617E+01
  858 0.00000E+00 0.49065E+01
  859 0.00000E+00 0.29376E+01
  860 0.00000E+00 0.17089E+01
  861 0.00000E+00 0.96582E+00
  862 0.00000E+00 0.53085E+00
  863 0.00000E+00 0.28392E+00
  864 0.00000E+00 0.14832E+00
  865 0.00000E+00 0.75875E-01
  866 0.00000E+00 0.38534E-01
  867 0.00000E+00 0.19532E-01
  868 0.00000E+00 0.10273E-01
  869 0.00000E+00 0.55481E-02
  870 0.00000E+00 0.33223E-02
  871 0.00000E+00 0.20179E-02
  872 0.00000E+00 0.15655E-02
  873 0.00000E+00 0.12751E-02
  874 0.00000E+00 0.98468E-03
  875 0.00000E+00 0.83062E-03
  876 0.00000E+00 0.81292E-03
  877 0.00000E+00 0.79521E-03
  878 0.00000E+00 0.77751E-03
  879 0.00000E+00 0.76382E-03
  880 0.00000E+00 0.75416E-03
  881 0.00000E+00 0.74450E-03
  882 0.00000E+00 0.73484E-03
  883 0.00000E+00 0.72402E-03
  884 0.00000E+00 0.71205E-03
  885 0.00000E+00 0.70007E-03
  886 0.00000E+00 0.68809E-03
  887 0.00000E+00 0.67724E-03
  888 0.00000E+00 0.66751E-03
  889 0.00000E+00 0.65779E-03
  890 0.00000E+00 0.64806E-03
  891 0.00000E+00 0.64009E-03
  892 0.00000E+00 0.63387E-03
  893 0.00000E+00 0.62766E-03
  894 0.00000E+00 0.62144E-03
  895 0.00000E+00 0.61389E-03
  896 0.00000E+00 0.60501E-03
  897 0.00000E+00 0.59612E-03
  898 0.00000E+00 0.58723E-03
  899 0.00000E+00 0.57879E-03
  900 0.00000E+00 0.57081E-03
  901 0.00000E+00 0.56282E-03
  902 0.00000E+00 0.55483E-03
  903 0.00000E+00 0.54613E-03
  904 0.00000E+00 0.53670E-03
  905 0.00000E+00 0.52727E-03
  906 0.00000E+00 0.51783E-03
  907 0.00000E+00 0.50975E-03
  908 0.00000E+00 0.50301E-03
  909 0.00000E+00 0.49627E-03
  910 0.00000E+00 0.48953E-03
  911 0.00000E+00 0.48286E-03
  912 0.00000E+00 0.47627E-03
  913 0.00000E+00 0.46967E-03
  914 0.00000E+00 0.46308E-03
  915 0.00000E+00 0.45665E-03
  916 0.00000E+00 0.45040E-03
  917 0.00000E+00 0.44415E-03
  918 0.00000E+00 0.43790E-03
  919 0.00000E+00 0.43085E-03
  920 0.00000E+00 0.42300E-03
  921 0.00000E+00 0.41516E-03
  922 0.00000E+00 0.40731E-03
  923 0.00000E+00 0.40053E-03
  924 0.00000E+00 0.39480E-03
  925 0.00000E+00 0.38907E-03
  926 0.00000E+00 0.38335E-03
  927 0.00000E+00 0.37720E-03
  928 0.00000E+00 0.37062E-03
  929 0.00000E+00 0.36405E-03
  930 0.00000E+00 0.35747E-03
  931 0.00000E+00 0.35184E-03
  932 0.00000E+00 0.34714E-03
  933 0.00000E+00 0.34244E-03
  934 0.00000E+00 0.33774E-03
  935 0.00000E+00 0.33202E-03
  936 0.00000E+00 0.32530E-03
  937 0.00000E+00 0.31857E-03
  938 0.00000E+00 0.31184E-03
  939 0.00000E+00 0.30580E-03
  940 0.00000E+00 0.30045E-03
  941 0.00000E+00 0.29509E-03
  942 0.00000E+00 0.28974E-03
  943 0.00000E+00 0.28461E-03
  944 0.00000E+00 0.27970E-03
  945 0.00000E+00 0.27480E-03
  946 0.00000E+00 0.26989E-03
  947 0.00000E+00 0.26563E-03
  948 0.00000E+00 0.26202E-03
  949 0.00000E+00 0.25840E-03
  950 0.00000E+00 0.25479E-03
  951 0.00000E+00 0.25110E-03
  952 0.00000E+00 0.24734E-03
  953 0.00000E+00 0.24358E-03
  954 0.00000E+00 0.23982E-03
  955 0.00000E+00 0.23545E-03
  956 0.00000E+00 0.23047E-03
  957 0.00000E+00 0.22550E-03
  958 0.00000E+00 0.22053E-03
  959 0.00000E+00 0.21669E-03
  960 0.00000E+00 0.21398E-03
  961 0.00000E+00 0.21128E-03
  962 0.00000E+00 0.20858E-03
  963 0.00000E+00 0.20560E-03
  964 0.00000E+00 0.20235E-03
  965 0.00000E+00 0.19909E-03
  966 0.00000E+00 0.19584E-03
  967 0.00000E+00 0.19290E-03
  968 0.00000E+00 0.19027E-03
  969 0.00000E+00 0.18764E-03
  970 0.00000E+00 0.18501E-03
  971 0.00000E+00 0.18144E-03
  972 0.00000E+00 0.17692E-03
  973 0.00000E+00 0.17240E-03
  974 0.00000E+00 0.16789E-03
  975 0.00000E+00 0.16405E-03
  976 0.00000E+00 0.16091E-03
  977 0.00000E+00 0.15776E-03
  978 0.00000E+00 0.15461E-03
  979 0.00000E+00 0.15184E-03
  980 0.00000E+00 0.14946E-03
  981 0.00000E+00 0.14707E-03
  982 0.00000E+00 0.14469E-03
  983 0.00000E+00 0.14211E-03
  984 0.00000E+00 0.13935E-03
  985 0.00000E+00 0.13658E-03
  986 0.00000E+00 0.13381E-03
  987 0.00000E+00 0.13153E-03
  988 0.00000E+00 0.12974E-03
  989 0.00000E+00 0.12795E-03
  990 0.00000E+00 0.12615E-03
  991 0.00000E+00 0.12406E-03
  992 0.00000E+00 0.12165E-03
  993 0.00000E+00 0.11924E-03
  994 0.00000E+00 0.11684E-03
  995 0.00000E+00 0.11555E-03
  996 0.00000E+00 0.11538E-03
  997 0.00000E+00 0.11522E-03
  998 0.00000E+00 0.11505E-03
  999 0.00000E+00 0.11357E-03
 1000 0.00000E+00 0.11079E-03
 1001 0.00000E+00 0.10800E-03
 1002 0.00000E+00 0.10522E-03
 1003 0.00000E+00 0.10336E-03
 1004 0.00000E+00 0.10243E-03
 1005 0.00000E+00 0.10150E-03
 1006 0.00000E+00 0.10057E-03
 1007 0.00000E+00 0.99187E-04
 1008 0.00000E+00 0.97346E-04
 1009 0.00000E+00 0.95504E-04
 1010 0.00000E+00 0.93663E-04
 1011 0.00000E+00 0.92001E-04
 1012 0.00000E+00 0.90520E-04
 1013 0.00000E+00 0.89039E-04
 1014 0.00000E+00 0.87558E-04
 1015 0.00000E+00 0.86500E-04
 1016 0.00000E+00 0.85865E-04
 1017 0.00000E+00 0.85230E-04
 1018 0.00000E+00 0.84595E-04
 1019 0.00000E+00 0.84288E-04
 1020 0.00000E+00 0.84310E-04
 1021 0.00000E+00 0.84331E-04
 1022 0.00000E+00 0.84352E-04
 1023 0.00000E+00 0.84363E-04
 1024 0.00000E+00 0.84363E-04
